MLL: 769.6696188942536 ± 30.11234902633178
LSC: 0.9440210523089114 ± 0.004802560445793717
RVOD: 1.0291463754800791 ± 0.000350837130406807
Diversity: 1.0406108909120018 ± 0.013180670233454605