MLL: 1157.2526273954777 ± 6.8983366634109125
LSC: 0.991187506812621 ± 0.000242538985683419
RVOD: 0.9744926031556554 ± 0.0002612339000204143
Diversity: 0.8985426763628042 ± 0.0070434018895604335
MMD: 0.021092124596986263 ± 0.00044517471993993027